Time(ND) X(ND) Y(ND) Z(ND) VX(ND) VY(ND) VZ(ND)
2.523323250482576996e-01 6.819327049773802945e-04 -1.374267444751208107e-02 1.526219159801629765e-04 7.819029264123976475e+00 -6.520244872845037065e+00 4.627198300716906521e-01
2.524122932008416864e-01 1.308216341375381805e-03 -1.425292446550074574e-02 1.892546051350943242e-04 7.964025003779676481e+00 -6.338236307863742702e+00 4.604716141460571954e-01
2.525000113436473570e-01 2.008011582033554249e-03 -1.479571841901450996e-02 2.292087629308121725e-04 8.113093015082728954e+00 -6.131733792910777581e+00 4.574498403163727578e-01
2.526544173924875070e-01 3.269591138028435980e-03 -1.570653813906852311e-02 2.988100396923091119e-04 8.348372040405706684e+00 -5.754064909872269595e+00 4.507843989958258968e-01
2.528039824289950999e-01 4.523406618531035199e-03 -1.653264112007618927e-02 3.651405123477330502e-04 8.541559560942728169e+00 -5.376060094811708545e+00 4.428244940747993463e-01
2.529242183750852746e-01 5.550510970124750317e-03 -1.715572387115287672e-02 4.175448982974956863e-04 8.671487846587133674e+00 -5.067446696227989378e+00 4.354809147109990342e-01
2.530446396836726897e-01 6.593388156093274097e-03 -1.774276864839156517e-02 4.691075676912145323e-04 8.779067500827210324e+00 -4.757271674406743145e+00 4.274025548036967659e-01
2.531898695459156579e-01 7.866222252013893232e-03 -1.840156944095371755e-02 5.299529012358066699e-04 8.879659741117251315e+00 -4.385571881374586312e+00 4.168650709268656440e-01
2.533474924847953780e-01 9.261453200173698150e-03 -1.905648605555261554e-02 5.942115444261935600e-04 8.954741670998931369e+00 -3.989664137367956442e+00 4.046745334974191644e-01
2.535074668063531100e-01 1.068683721723694656e-02 -1.965878381411457002e-02 6.574327777182773684e-04 8.997686978728363982e+00 -3.600262233501153819e+00 3.917558256776056957e-01
2.536673686299731889e-01 1.211597408060672426e-02 -2.020026811451385365e-02 7.185486184953894040e-04 9.010790444273537148e+00 -3.227066825715828369e+00 3.785350072047132808e-01
2.538289146594850942e-01 1.355976665108905160e-02 -2.068866506498818342e-02 7.781522923909221833e-04 8.997729750259132686e+00 -2.868856384911284252e+00 3.650803091223050467e-01
2.539937688142652195e-01 1.502903767483575528e-02 -2.112956812406676516e-02 8.367576930200676952e-04 8.961299023229189586e+00 -2.524465075782394763e+00 3.514348214714390628e-01
2.541633133322324656e-01 1.653216589747944637e-02 -2.152617301809238437e-02 8.947209279321794448e-04 8.903720025026839124e+00 -2.193406867755641976e+00 3.376487422581651576e-01
2.543387514744162026e-01 1.807580949660668457e-02 -2.188006689721171474e-02 9.522898257835522590e-04 8.826905281172448881e+00 -1.875629359337930957e+00 3.237783355457019008e-01
2.545212542522912180e-01 1.966607779336729603e-02 -2.219185503798581580e-02 1.009660556302164822e-03 8.732565073289109137e+00 -1.571209507290947993e+00 3.098780796918664815e-01
2.547120220563440229e-01 2.130895701782923451e-02 -2.246139734577999592e-02 1.066998447609767385e-03 8.622259440640648975e+00 -1.280257989344951719e+00 2.959987855367857135e-01
2.549123052024317992e-01 2.301037849734321322e-02 -2.268790026486028344e-02 1.124443191501193302e-03 8.497440489746590941e+00 -1.002904571783905352e+00 2.821883739065393915e-01
2.551234039369308926e-01 2.477611870200007588e-02 -2.286996915624075685e-02 1.182107749970353130e-03 8.359495196201681466e+00 -7.393055751412443977e-01 2.684934609232885183e-01
2.553467095282327404e-01 2.661204925129675644e-02 -2.300569027867213623e-02 1.240088451993389632e-03 8.209751780161935741e+00 -4.895933110268748667e-01 2.549577396685875352e-01
2.555837248179047561e-01 2.852419941958799637e-02 -2.309265728452197450e-02 1.298467626210601366e-03 8.049489383988300162e+00 -2.538644315861277034e-01 2.416218756490556840e-01
2.558360495572765125e-01 3.051853296715393432e-02 -2.312798311657371028e-02 1.357307436259069756e-03 7.879967001930928916e+00 -3.220078429625422567e-02 2.285251559819963807e-01
2.561053950923459777e-01 3.260097455658986232e-02 -2.310834058980539354e-02 1.416651956934190850e-03 7.702427349240597465e+00 1.753496123866191969e-01 2.157049442291819885e-01
2.563935755725344490e-01 3.477725832163979652e-02 -2.303000473689297348e-02 1.476524163839175842e-03 7.518110025960440979e+00 3.687732175092341969e-01 2.031970828571393051e-01
2.567025079651702457e-01 3.705286362209148782e-02 -2.288891026442226029e-02 1.536925975703892647e-03 7.328251785340867741e+00 5.481044492260955803e-01 1.910354493456579705e-01
2.570341944628825037e-01 3.943284092472089386e-02 -2.268072734119427197e-02 1.597835787214995154e-03 7.134090544260300426e+00 7.134308081152410663e-01 1.792519309044105502e-01
2.573822729614916871e-01 4.186360683346670303e-02 -2.240817595462125944e-02 1.657801843140561688e-03 6.941389116071730037e+00 8.615977753858860000e-01 1.681309482237369479e-01
2.577431986220778959e-01 4.431590914391584507e-02 -2.207567136725918991e-02 1.716137380752448408e-03 6.753366105454231771e+00 9.924666044166835510e-01 1.577720997102506351e-01
2.581143304220291368e-01 4.676955774626018886e-02 -2.168865554717470598e-02 1.772455698508409354e-03 6.572042978882447706e+00 1.106993268661438767e+00 1.482000454415505486e-01
2.584904943226175034e-01 4.919054827836245175e-02 -2.125664615650136452e-02 1.826124866809684076e-03 6.399979842675776354e+00 1.205868337842780580e+00 1.394657259312748476e-01
2.588078771767449715e-01 5.118473016320916613e-02 -2.086538181316634905e-02 1.868984956830713803e-03 6.263384284908364741e+00 1.277979292366745234e+00 1.327578890643945908e-01
2.591246234294665163e-01 5.313319247247479116e-02 -2.045367441637501935e-02 1.909738467091081542e-03 6.134365170171374615e+00 1.341155955959925317e+00 1.265960343873003269e-01
2.594967696791488643e-01 5.537218726237672084e-02 -1.994631436145411288e-02 1.955253503839987639e-03 5.991445615388201418e+00 1.405772142848064732e+00 1.199585322923924363e-01
2.599298359279210713e-01 5.791352760371445973e-02 -1.932818642780894866e-02 2.005284321447394283e-03 5.835972167781338094e+00 1.469903528370716472e+00 1.129528202699841832e-01
2.604147784703251256e-01 6.068297667105192195e-02 -1.860610855036979108e-02 2.057924121383472322e-03 5.674430672265881270e+00 1.529986008905278805e+00 1.059005912498465762e-01
2.609512210223325912e-01 6.365963625164908213e-02 -1.777680469592571311e-02 2.112421754417564621e-03 5.509575733539440634e+00 1.584645906364210877e+00 9.893236577501345053e-02
2.615404811569271293e-01 6.683256063173319272e-02 -1.683569544758719769e-02 2.168259455363455348e-03 5.343340249226831595e+00 1.633153335513836124e+00 9.213084663522365381e-02
2.621851448380395633e-01 7.019746662025426465e-02 -1.577716169791535880e-02 2.225066830921116137e-03 5.177109508185431253e+00 1.675181951239013589e+00 8.554779942271671656e-02
2.628887348709340044e-01 7.375425791827402988e-02 -1.459484267181888027e-02 2.282559571631634799e-03 5.011915828507018666e+00 1.710653830794697905e+00 7.921548756881621745e-02
2.636554850143292827e-01 7.750536895869353238e-02 -1.328189627284436826e-02 2.340500340068185550e-03 4.848561669861575218e+00 1.739646152607944973e+00 7.315373879160663728e-02
2.644902960864835006e-01 8.145518403699267274e-02 -1.183103314855989650e-02 2.398681955736144036e-03 4.687674625369895764e+00 1.762338196065042606e+00 6.737349948658311050e-02
2.653922072903974194e-01 8.558035610034697704e-02 -1.024604040808960170e-02 2.456515277094062800e-03 4.530822023435458590e+00 1.778880457508514867e+00 6.191613580613126999e-02
2.663604488655597069e-01 8.986076611663457170e-02 -8.531417147727074837e-03 2.513528192899715415e-03 4.379101830505384818e+00 1.789631130456832420e+00 5.680177075232183126e-02
2.674009213912850735e-01 9.430652231289113341e-02 -6.680559068962028772e-03 2.569683933914941164e-03 4.232361391416360696e+00 1.795085685685959165e+00 5.200707242071615777e-02
2.685198083318330320e-01 9.892722014304744516e-02 -4.686887081189924399e-03 2.624919781166908800e-03 4.090483377307055690e+00 1.795685719169393790e+00 4.751173430902606160e-02
2.697238492178429259e-01 1.037330274338268687e-01 -2.543459088602522972e-03 2.679161494709271160e-03 3.953347243939804745e+00 1.791829015753115151e+00 4.329690986025778315e-02
2.710203310304438729e-01 1.087344934646928690e-01 -2.430868663084913023e-04 2.732320219964203423e-03 3.820837239722367329e+00 1.783874455287807415e+00 3.934528091643831049e-02
2.724171676856605995e-01 1.139427133979066531e-01 2.221693587915077577e-03 2.784293613153535508e-03 3.692839017780590538e+00 1.772146376597058204e+00 3.564078856396259848e-02
2.739229413807806601e-01 1.193693225070238950e-01 4.858572037636951953e-03 2.834964831507907814e-03 3.569241328315169604e+00 1.756938309069564275e+00 3.216854816922926769e-02
2.755469821414617271e-01 1.250266186913458477e-01 7.675467573179196867e-03 2.884202678222908597e-03 3.449934508325010363e+00 1.738515919964291001e+00 2.891469037092772934e-02
2.772994151025017784e-01 1.309275511140969572e-01 1.068045973591879270e-02 2.931860312622218152e-03 3.334812179366994034e+00 1.717119867707325165e+00 2.586630998926835526e-02
2.791912606774578642e-01 1.370858772185729324e-01 1.388179327403490926e-02 2.977775290968738900e-03 3.223769409444582568e+00 1.692967776820366366e+00 2.301133123902092750e-02
2.812344819043930966e-01 1.435161233877391973e-01 1.728777169772721320e-02 3.021767840966035380e-03 3.116704864631249183e+00 1.666256613797942432e+00 2.033849101758297001e-02
2.834421140494834956e-01 1.502337971862132138e-01 2.090676696534192122e-02 3.063640891210871881e-03 3.013518417185688580e+00 1.637163868699683889e+00 1.783721378769379667e-02
2.858283266937618472e-01 1.572553621837196602e-01 2.474708882127172466e-02 3.103178199653313252e-03 2.914113063731831321e+00 1.605849489128985397e+00 1.549760483933550551e-02
2.884085386995550726e-01 1.645983646011113521e-01 2.881691380353073456e-02 3.140143453586612902e-03 2.818394207568510890e+00 1.572457060057143474e+00 1.331038294624282102e-02
2.911995478723884978e-01 1.722815762823049768e-01 3.312420241994528530e-02 3.174279167749966164e-03 2.726269069923799027e+00 1.537114757051935676e+00 1.126682472614327392e-02
2.942196165450802203e-01 1.803249962679873142e-01 3.767651081436668159e-02 3.205304785557127559e-03 2.637647894867305887e+00 1.499936853792916969e+00 9.358754322251168836e-03
2.974886569915605183e-01 1.887501077695338814e-01 4.248091484738684975e-02 3.232915780503536635e-03 2.552442128664395682e+00 1.461023981410719985e+00 7.578470455620449700e-03
3.010283491906722286e-01 1.975799248862633029e-01 4.754378131056732210e-02 3.256781634122425401e-03 2.470565245707176061e+00 1.420464296821313477e+00 5.918736909420236995e-03
3.048623377622280417e-01 2.068392233923740386e-01 5.287060258783470718e-02 3.276544311664048893e-03 2.391931676173824517e+00 1.378333768141330795e+00 4.372736285191010028e-03
3.090163463983502945e-01 2.165545450266031235e-01 5.846565447055768194e-02 3.291816017579331580e-03 2.316457828762785276e+00 1.334697467183656006e+00 2.934069659163041077e-03
3.135184212206448828e-01 2.267544957342844392e-01 6.433176911779399376e-02 3.302177553403993094e-03 2.244060497127477571e+00 1.289609493955760744e+00 1.596707336579438309e-03
3.183990707760231964e-01 2.374697748773158534e-01 7.046989259697516994e-02 3.307176073598138213e-03 2.174657459408222415e+00 1.243114094351898569e+00 3.549857949435011525e-04
3.236917109531523562e-01 2.487338469403249097e-01 7.687893990537147948e-02 3.306323012076157249e-03 2.108163901725303546e+00 1.195243988256808665e+00 -7.964669670106635070e-04
3.294325945596974226e-01 2.605824541241380521e-01 8.355490595469101944e-02 3.299091391487706058e-03 2.044496265332113705e+00 1.146023719788996198e+00 -1.862670355748452045e-03
3.356613684420277632e-01 2.730544584686842580e-01 9.049064488827845976e-02 3.284913410388706507e-03 1.983567654597388819e+00 1.095467276303843773e+00 -2.848376452166404699e-03
3.424211084412790429e-01 2.861915435248971740e-01 9.767490095502272263e-02 3.263178160295302031e-03 1.925289774673659471e+00 1.043580513067539073e+00 -3.758038929617540502e-03
3.497537448123152481e-01 3.000293911086117093e-01 1.050867419089138027e-01 3.233251444498578490e-03 1.869605989309527816e+00 9.903955428405728512e-01 -4.595329514973965808e-03
3.576960331181631148e-01 3.145913323364523673e-01 1.126919300272534868e-01 3.194515038439226396e-03 1.816496158809018269e+00 9.359901261687249008e-01 -5.363170363380439024e-03
3.662989242004503487e-01 3.299242006456111764e-01 1.204611509714276080e-01 3.146280379190223922e-03 1.765840145739314027e+00 8.803519101498130661e-01 -6.065708628674829593e-03
3.756170834718322027e-01 3.460773135282605995e-01 1.283573388191593390e-01 3.087818033740886807e-03 1.717513397305712175e+00 8.234629893078355689e-01 -6.706798275058169743e-03
3.857093475200962240e-01 3.631028952081279959e-01 1.363346963179248861e-01 3.018356096939024333e-03 1.671383361320726513e+00 7.652987182493885543e-01 -7.290047272399309726e-03
3.966393010523294183e-01 3.810565529738220714e-01 1.443375702798294635e-01 2.937077028404542350e-03 1.627306226195526895e+00 7.058264212271938565e-01 -7.818850701969110029e-03
4.084752895594032096e-01 3.999966791130352139e-01 1.522986736241832284e-01 2.843118403758376940e-03 1.585126258487375761e+00 6.450075882127932481e-01 -8.296386367394230701e-03
4.212909905140366229e-01 4.199846492235719264e-01 1.601375276976872986e-01 2.735569974296126177e-03 1.544672475439477166e+00 5.827970624367478925e-01 -8.725640011080693439e-03
4.351655426021101003e-01 4.410841198361349358e-01 1.677583532235539521e-01 2.613474281238042582e-03 1.505756899683166727e+00 5.191448125459229290e-01 -9.109407687794016106e-03
4.501837692211396180e-01 4.633602889820280790e-01 1.750478289916608532e-01 2.475827172651468965e-03 1.468171959331942444e+00 4.539972012118759226e-01 -9.450305714603108448e-03
4.664367663513809825e-01 4.868794212209302530e-01 1.818727689042104190e-01 2.321575295672510548e-03 1.431686804229161503e+00 3.872969044914977843e-01 -9.750786835245892417e-03
4.840220777634337002e-01 5.117073943801058178e-01 1.880772836459313202e-01 2.149617552889805921e-03 1.396044641883624982e+00 3.189850031323039903e-01 -1.001314265160129988e-02
5.030438431478270189e-01 5.379078123317374560e-01 1.934796997127934681e-01 1.958807556999037948e-03 1.360959787261502019e+00 2.490032066161209923e-01 -1.023950710315067909e-02
5.236135246863208303e-01 5.655403912817557055e-01 1.978693477762802355e-01 1.747950846228365877e-03 1.326113643830134636e+00 1.772941109516688318e-01 -1.043186341557269213e-02
5.458499496436318710e-01 5.946577336827305604e-01 2.010027830133563898e-01 1.515809513818245236e-03 1.291152283034806558e+00 1.038041550794838314e-01 -1.059203473928565890e-02
5.698812080408700576e-01 6.253037162202215171e-01 2.025998362021435573e-01 1.261088465726194641e-03 1.255681714456286180e+00 2.848027484322832384e-02 -1.072167599550259177e-02
5.958457263878992327e-01 6.575096188563127608e-01 2.023385944934116276e-01 9.824311999442122013e-04 1.219266148928970450e+00 -4.873069719787619797e-02 -1.082222769646142869e-02
6.238970007761096559e-01 6.912933481167082839e-01 1.998490445022081397e-01 6.783791859276520767e-04 1.181423632929565537e+00 -1.278951093387117044e-01 -1.089483153664994736e-02
6.542133998743802081e-01 7.266622422841716444e-01 1.947027408201716936e-01 3.472812431966173694e-04 1.141620234832977587e+00 -2.091221926586491475e-01 -1.094012737611328202e-02
6.870103137539254057e-01 7.636147701701800905e-01 1.863955631798277501e-01 -1.280848243217716548e-05 1.099270996143720369e+00 -2.926090745821727790e-01 -1.095775756967476075e-02
7.224789331880314691e-01 8.020597153922501832e-01 1.743492374638039299e-01 -4.033828463546671578e-04 1.053855805308455018e+00 -3.785461847978597860e-01 -1.094517499725587532e-02
7.515793406040941482e-01 8.324271191623533461e-01 1.621792619472866015e-01 -7.239607744608983530e-04 1.016732432437624345e+00 -4.462950412521966004e-01 -1.091052314060677111e-02
7.764282102435815514e-01 8.575197308872074542e-01 1.502015664854226273e-01 -9.972473400184876918e-04 9.851463875373166479e-01 -5.026656602545545027e-01 -1.086033507146727702e-02
7.978026422292515685e-01 8.784873786866286283e-01 1.387485269700078905e-01 -1.231546203236314092e-03 9.581575652561533651e-01 -5.504793911321501643e-01 -1.079641995897984152e-02
8.162861913152471560e-01 8.961624463214907799e-01 1.279912589918918986e-01 -1.433170153492328977e-03 9.350872160604263295e-01 -5.917139002422807659e-01 -1.071819503671197008e-02
8.323396952017977357e-01 9.111742754212939222e-01 1.180025876290017178e-01 -1.607140113675162340e-03 9.154024097978064045e-01 -6.278277701430817759e-01 -1.062363476762061623e-02
8.463362600709538608e-01 9.240100970528519753e-01 1.087960907631693036e-01 -1.757534996005502949e-03 8.986656179425774882e-01 -6.599311866315473729e-01 -1.050971147067263252e-02
8.585821230077904653e-01 9.350527818584535300e-01 1.003507069145704866e-01 -1.887705812732172082e-03 8.845088087872051696e-01 -6.888881667657444918e-01 -1.037260350989537352e-02
8.693311064418383083e-01 9.446067187872337900e-01 9.262602400742796227e-02 -2.000428082796486522e-03 8.726175304652494802e-01 -7.153838024325044342e-01 -1.020778172670994133e-02
8.787948344331237838e-01 9.529159670331771581e-01 8.557206229971407729e-02 -2.098011818095132323e-03 8.627204246002709853e-01 -7.399695726127459849e-01 -1.001003496735382477e-02
8.871509522001641557e-01 9.601779785054139760e-01 7.913503049021293478e-02 -2.182391118825846837e-03 8.545808838457451539e-01 -7.630965414388299894e-01 -9.773449972941897212e-03
8.945492561444008395e-01 9.665536243302087493e-01 7.326097391325694930e-02 -2.255191634724425503e-03 8.479907513774366246e-01 -7.851388807526269442e-01 -9.491369514092571832e-03
9.008456409809670884e-01 9.719435798832832818e-01 6.812209137970695605e-02 -2.315248165556282010e-03 8.429670923711539698e-01 -8.054947870630669859e-01 -9.172180440070131641e-03
9.068608567444740309e-01 9.770656109135255063e-01 6.308180490734471846e-02 -2.370436157404220805e-03 8.388007320936798905e-01 -8.268097119695720920e-01 -8.767784988760438797e-03
9.126512316360232413e-01 9.819750640556563770e-01 5.809652176120872619e-02 -2.420850755052423794e-03 8.355166812157978073e-01 -8.496765125431464671e-01 -8.243451184607663088e-03
9.171824017407426144e-01 9.858054786597225672e-01 5.409362110001161156e-02 -2.457824620835373074e-03 8.335521223667003987e-01 -8.697438540946661467e-01 -7.698079866148861000e-03
9.217870313107799918e-01 9.896907605995206580e-01 4.992266251394980592e-02 -2.492419410440951683e-03 8.322037561675438289e-01 -8.927805057384496923e-01 -6.965948703088779490e-03
9.254626650682539202e-01 9.927891436523025304e-01 4.650887331704700589e-02 -2.517204293400111381e-03 8.316634812136458610e-01 -9.137094427786712769e-01 -6.197150606264611658e-03
9.287754957363584252e-01 9.955810904996306165e-01 4.335908227668017895e-02 -2.536728136368127974e-03 8.316230444241063946e-01 -9.351255603533263905e-01 -5.304506173924479484e-03
9.317669715753410520e-01 9.981029796594745873e-01 4.044728179530089618e-02 -2.551408742761490569e-03 8.319593032577154990e-01 -9.571662323043724774e-01 -4.271475900381140577e-03
9.344747108460497165e-01 1.000387221399097859e+00 3.774861805104408330e-02 -2.561608815015199801e-03 8.325458591547039156e-01 -9.799726031646738278e-01 -3.079060937240486826e-03
9.371977607949381062e-01 1.002686558774325443e+00 3.496525766616354058e-02 -2.568064995144894117e-03 8.333324004566065035e-01 -1.006456453465593759e+00 -1.536245396609363942e-03
9.396538843861786949e-01 1.004762675427331331e+00 3.238556946447757739e-02 -2.569670425464829194e-03 8.340706072767337664e-01 -1.034314103518958694e+00 2.693925520554528636e-04
9.418640211048212585e-01 1.006632448658480783e+00 2.999885856619647490e-02 -2.566687943758008163e-03 8.345402920014013404e-01 -1.063576310762621047e+00 2.366345873322463992e-03
9.438598205772725791e-01 1.008321521389362818e+00 2.778152193113446466e-02 -2.559355411428835582e-03 8.345028578731611413e-01 -1.094413367573610518e+00 4.796045965443873800e-03
9.456694907957770013e-01 1.009852442186029764e+00 2.571158567130940598e-02 -2.547834442666993462e-03 8.336892475056252305e-01 -1.127009405561148148e+00 7.607298251717171597e-03
9.473178910318084123e-01 1.011244780655445208e+00 2.376887219069055354e-02 -2.532205431625744307e-03 8.317886539812019420e-01 -1.161561503088642144e+00 1.085784742237938354e-02
9.488271303854620697e-01 1.012515631266478700e+00 2.193455459275143668e-02 -2.512458044905867618e-03 8.284331122780898005e-01 -1.198285962121484083e+00 1.461710663400915371e-02
9.502173135580107566e-01 1.013680199467127396e+00 2.019042614305467664e-02 -2.488470316016172437e-03 8.231744338266075989e-01 -1.237431951543211506e+00 1.897075193260471318e-02
9.515073100616215918e-01 1.014752348318043396e+00 1.851798998796144041e-02 -2.459969321816051456e-03 8.154470747379133355e-01 -1.279303701753776501e+00 2.402832089451905143e-02
9.525881761734995568e-01 1.015641090360528853e+00 1.707087624967856473e-02 -2.430351859541719350e-03 8.058729658421075470e-01 -1.319259521862003348e+00 2.924988154560351564e-02
9.535575388125490104e-01 1.016427443611525261e+00 1.573287320428852151e-02 -2.398355513145168302e-03 7.938987053054556986e-01 -1.359433731054476180e+00 3.490341191690019690e-02
9.545313596045865712e-01 1.017203294833665783e+00 1.434592429795107996e-02 -2.359965330976946697e-03 7.774611097100018187e-01 -1.404381538097413618e+00 4.173311539733223774e-02
9.554085320867368170e-01 1.017885789314010969e+00 1.305594883264980452e-02 -2.318967351016209492e-03 7.576085787222454071e-01 -1.449068770603917367e+00 4.908929705032562957e-02
9.562011466326617581e-01 1.018484899823116629e+00 1.185402077420893985e-02 -2.275716029057041605e-03 7.343202980631123866e-01 -1.492904617262425404e+00 5.690653268844467205e-02
9.569258166909003771e-01 1.019013940263524987e+00 1.072265563043489807e-02 -2.230156949822327192e-03 7.074514420125760372e-01 -1.535660131451730415e+00 6.517448824273035235e-02
9.575964596567420051e-01 1.019483680227866174e+00 9.646416987436587029e-03 -2.182116838726674921e-03 6.768340763884816980e-01 -1.577106481640757840e+00 7.388741225631655085e-02
9.582246541769431358e-01 1.019902592142456932e+00 8.611859967852752290e-03 -2.131324347650580611e-03 6.422826212307659599e-01 -1.616980186534591857e+00 8.303946556059063622e-02
9.588204531740263104e-01 1.020277403484528778e+00 7.606635689712283425e-03 -2.077387265854272608e-03 6.035804966788818060e-01 -1.654980086749097579e+00 9.262604594182147211e-02
9.593928750675866368e-01 1.020613362208440567e+00 6.618985864726568968e-03 -2.019772296112388923e-03 5.604747141582070435e-01 -1.690747764722391633e+00 1.026422913461169234e-01
9.599504987988682903e-01 1.020914485782286052e+00 5.636970609756914927e-03 -1.957755017952183402e-03 5.126593721667469516e-01 -1.723851419913042360e+00 1.130835616710820918e-01
9.605016528988903346e-01 1.021183485875948538e+00 4.648348070492621352e-03 -1.890393817256929643e-03 4.597945767769116010e-01 -1.753737137385982470e+00 1.239373168700723254e-01
9.610540580260239496e-01 1.021421434986216070e+00 3.641481317695701575e-03 -1.816577405673280333e-03 4.016120018424778615e-01 -1.779654295846785583e+00 1.351595321066987598e-01
9.616032532829610346e-01 1.021623847640877436e+00 2.627193330822212396e-03 -1.736806725924586094e-03 3.393880581908582106e-01 -1.800263683365508349e+00 1.464178500252516779e-01
9.621285794417711035e-01 1.021783587467353316e+00 1.647553128990936590e-03 -1.654563263038363180e-03 2.768449145600588857e-01 -1.814278030218953175e+00 1.570275209172586894e-01
9.624658048072988192e-01 1.021868044796873543e+00 1.015319342990020921e-03 -1.598773657139081596e-03 2.357283764394285108e-01 -1.820057181710290628e+00 1.636380032564579701e-01
9.624658048072988192e-01 1.021868044796873543e+00 1.015319342990020921e-03 -1.598773657139081596e-03 2.357283764394285108e-01 -1.820057181710290628e+00 1.636380032564579701e-01
9.626347468239532246e-01 1.021904958173311506e+00 6.979360069544900645e-04 -1.569968467943783043e-03 2.149855882000397123e-01 -1.821972212208728514e+00 1.668662359350163438e-01
9.631397265104640892e-01 1.021993718850218835e+00 -2.519646167563769018e-04 -1.480593438327331779e-03 1.529757003477110466e-01 -1.823770795313272464e+00 1.760964212657965822e-01
9.636509882606919541e-01 1.022050868598014084e+00 -1.213128731849019053e-03 -1.385399915364506898e-03 9.117062126170717706e-02 -1.819748132665369278e+00 1.846701311550376923e-01
9.641732151738604539e-01 1.022076124767335115e+00 -2.191231176667326683e-03 -1.283736468315310308e-03 3.026861588795979122e-02 -1.810033575418032337e+00 1.924955540985697489e-01
9.647116661159188533e-01 1.022068694685637436e+00 -3.192823622000640679e-03 -1.174785213307229757e-03 -2.909990312695128270e-02 -1.794857101083654261e+00 1.995017800843446321e-01
9.652683811903369770e-01 1.022027561995246803e+00 -4.218245306003201751e-03 -1.058367226421629437e-03 -8.599579278100188962e-02 -1.774683263162247782e+00 2.055985547549943337e-01
9.658416311631393691e-01 1.021952568782327209e+00 -5.260954146418198724e-03 -9.351720290962613810e-04 -1.392996231379377003e-01 -1.750330249273226224e+00 2.107083184975892254e-01
9.664286599721928495e-01 1.021844798479389915e+00 -6.313021359346119091e-03 -8.062209253289085104e-04 -1.881581751943406655e-01 -1.722840259826130316e+00 2.148176324234189194e-01
9.670264731018930471e-01 1.021706406430456848e+00 -7.366830501827294556e-03 -6.726584047471143198e-04 -2.320992610576758652e-01 -1.693316465032244311e+00 2.179763755707310180e-01
9.676342660853752831e-01 1.021539671556794371e+00 -8.419372123211121481e-03 -5.351510964523299415e-04 -2.711395285721157067e-01 -1.662678956015746445e+00 2.202866638258418608e-01
9.682636231117770498e-01 1.021342963181618657e+00 -9.489063428547647727e-03 -3.914927550942572066e-04 -3.061375182752901769e-01 -1.631085725818217647e+00 2.218898276396139013e-01
9.689232885761626113e-01 1.021114144487770270e+00 -1.058852780322808683e-02 -2.400308989961273958e-04 -3.375897130262693335e-01 -1.598744678485954918e+00 2.228798651104927642e-01
9.696212581136089970e-01 1.020850513228996892e+00 -1.172837149183977683e-02 -7.925238289485996240e-05 -3.658434594424337938e-01 -1.565864806310322876e+00 2.233291328379254370e-01
9.703653833295358133e-01 1.020548849438797312e+00 -1.291824812979154753e-02 9.232327303405780939e-05 -3.911657478971640733e-01 -1.532653102864920847e+00 2.232980373336109492e-01
9.711635204968324109e-01 1.020205516737437312e+00 -1.416712734269640235e-02 2.761570061175657831e-04 -4.137747074766103261e-01 -1.499320223302753607e+00 2.228402733425192683e-01
9.720239350035474457e-01 1.019816395759619354e+00 -1.548394359822797064e-02 4.737683028672940778e-04 -4.338689762346630285e-01 -1.466068247439045180e+00 2.220057490049252846e-01
9.729550811764380303e-01 1.019377049305944416e+00 -1.687725650453661061e-02 6.866733795190005938e-04 -4.516326968195328861e-01 -1.433100421781220435e+00 2.208424351864295698e-01
9.739656998369693452e-01 1.018882741002141490e+00 -1.835543042674440267e-02 9.164003022193005239e-04 -4.672479574506690492e-01 -1.400612835350868446e+00 2.193972792397680949e-01
9.750647666571388150e-01 1.018328503262221574e+00 -1.992659450608287586e-02 1.164473323767838565e-03 -4.808998355063696106e-01 -1.368789892905533545e+00 2.177164672043449267e-01
9.762615134882421941e-01 1.017709154964049567e+00 -2.159872038346994164e-02 1.432417043222584648e-03 -4.927795790488210814e-01 -1.337796671430153461e+00 2.158450517831043136e-01
9.775657192963469466e-01 1.017019156696803428e+00 -2.338006225476166322e-02 1.721822451365241863e-03 -5.030863820812779830e-01 -1.307766809212474568e+00 2.138258265526878643e-01
9.789879050713485853e-01 1.016252486594562576e+00 -2.527941658808121120e-02 2.034390118189001624e-03 -5.120240260520738662e-01 -1.278798458674520466e+00 2.116983410965523893e-01
9.805397698273783380e-01 1.015402365267755513e+00 -2.730666038130385651e-02 2.372023943843473877e-03 -5.197974689153985750e-01 -1.250949936443356947e+00 2.094978299544598410e-01
9.822096155313545518e-01 1.014474934334997691e+00 -2.944157846003321588e-02 2.731562654005961245e-03 -5.265179187563859831e-01 -1.224610522543199354e+00 2.072864799360414345e-01
9.840102331538448377e-01 1.013462911650006903e+00 -3.169631278243715405e-02 3.115202227747521004e-03 -5.324212367756764319e-01 -1.199662923126730840e+00 2.050847127039552298e-01
9.859628530995493412e-01 1.012353878043110278e+00 -3.409262605941466157e-02 3.526860560210299742e-03 -5.377287977689946263e-01 -1.175910474668478090e+00 2.029005954490939734e-01
9.880889420310199345e-01 1.011134781074738420e+00 -3.665122049357370099e-02 3.970388397255425646e-03 -5.426233393008286221e-01 -1.153211537864144764e+00 2.007426023534728265e-01
9.904119091669123520e-01 1.009790941885232218e+00 -3.939385851635097968e-02 4.449927696797606816e-03 -5.472657483141145640e-01 -1.131446498557429736e+00 1.986181865291287985e-01
9.929572995201335628e-01 1.008305861021614458e+00 -4.234350165446285064e-02 4.969942911172941548e-03 -5.518020541973212012e-01 -1.110511370159863898e+00 1.965341102634522163e-01
9.957536102526842736e-01 1.006660618329612289e+00 -4.552512535998789328e-02 5.535378015276565256e-03 -5.563692944048497235e-01 -1.090308151380689372e+00 1.944961453649172722e-01
9.988329544828818962e-01 1.004833302934208250e+00 -4.896626159625956654e-02 6.151776017119695711e-03 -5.610993782428721488e-01 -1.070739951204238594e+00 1.925090404419019519e-01
1.002231583163913253e+00 1.002798463202830170e+00 -5.269730544114881871e-02 6.825365918028866372e-03 -5.661218869597234304e-01 -1.051708513245138255e+00 1.905766323381910543e-01
1.005990673102820088e+00 1.000526320623050802e+00 -5.675203803343497472e-02 7.563199400245457053e-03 -5.715667771657719776e-01 -1.033110822756588609e+00 1.887018118413966994e-01
1.010157006596670293e+00 9.979819481294655015e-01 -6.116792867683661095e-02 8.373261834283126856e-03 -5.775665647103076505e-01 -1.014837003498882062e+00 1.868865932701760380e-01
1.014784136815603421e+00 9.951240239132950194e-01 -6.598683057423591902e-02 9.264673613661638177e-03 -5.842589676395868459e-01 -9.967663451360840865e-01 1.851319907664525644e-01
1.019933338413665069e+00 9.919035438344243616e-01 -7.125527626714844853e-02 1.024784331766634589e-02 -5.917890555948719378e-01 -9.787647926915834518e-01 1.834380528627148899e-01
1.025675030521812747e+00 9.882620203469042464e-01 -7.702505310640782310e-02 1.133470544647977377e-02 -6.003119308885077610e-01 -9.606805736057607570e-01 1.818037365965612107e-01
1.032090210193948199e+00 9.841293798502526169e-01 -8.335349857586413225e-02 1.253895126154820627e-02 -6.099952709614481217e-01 -9.423397908399910872e-01 1.802268126962881800e-01
1.039272511340734395e+00 9.794210723129723739e-01 -9.030403211603042768e-02 1.387636661120863514e-02 -6.210226238260457832e-01 -9.235397609219252457e-01 1.787036096145571962e-01
1.047330319284134781e+00 9.740346213565341804e-01 -9.794619869196476147e-02 1.536516435985066549e-02 -6.335965655619452130e-01 -9.040416745369482809e-01 1.772287519021518709e-01
1.056384862822544735e+00 9.678482853137918562e-01 -1.063513122666338157e-01 1.702556334814909686e-02 -6.479350759664367354e-01 -8.835706517700655516e-01 1.757953986508285771e-01
1.066562677720848340e+00 9.607232972296360085e-01 -1.155826459201738377e-01 1.887835404948576615e-02 -6.642578260895753983e-01 -8.618226605505044935e-01 1.743955580771816283e-01
1.078027744635827068e+00 9.524774413945047424e-01 -1.257204400027175373e-01 2.095064803798962413e-02 -6.828356174377708809e-01 -8.383859543920613167e-01 1.730149418148857199e-01
1.090970332919199981e+00 9.428863288755144900e-01 -1.368443522040097837e-01 2.327360173550084219e-02 -7.039706663489245786e-01 -8.127578219548855509e-01 1.716346201423093742e-01
1.105613009617323783e+00 9.316711526282897005e-01 -1.490293546247128953e-01 2.588321331275064349e-02 -7.280022953888302117e-01 -7.843140853188683703e-01 1.702289814234415055e-01
1.122217192382476192e+00 9.184832235121533905e-01 -1.623378453291317580e-01 2.882105238067107084e-02 -7.553116625408715645e-01 -7.522698009835424582e-01 1.687628297074874051e-01
1.141090314442333442e+00 9.028843532379392522e-01 -1.768060696241587071e-01 3.213483419808221830e-02 -7.863248604825501253e-01 -7.156267350915462844e-01 1.671869647038734530e-01
1.162594057839207107e+00 8.843215758603315546e-01 -1.924221868530509860e-01 3.587873879690378631e-02 -8.215143113697987998e-01 -6.731006255209740496e-01 1.654311520409760816e-01
1.187152660795111725e+00 8.620956329329609868e-01 -2.090905839163734736e-01 4.011297523346264021e-02 -8.613962651453749286e-01 -6.230207914857490703e-01 1.633926996360383077e-01
1.215261580324909829e+00 8.353214342665022940e-01 -2.265755789021171307e-01 4.490204095571922321e-02 -9.065255776907846785e-01 -5.631864425570186627e-01 1.609171067440639258e-01
1.247373226279663738e+00 8.030061449168625076e-01 -2.443496845896296066e-01 5.029001787067007706e-02 -9.572992312237690316e-01 -4.909393798120934571e-01 1.577766561701139103e-01
1.283108247239068467e+00 7.649032999521189202e-01 -2.611739678503122719e-01 5.616449587163446083e-02 -1.012764293356802847e+00 -4.049358872429061340e-01 1.537174683387218244e-01
1.320202552580628685e+00 7.229976651729022041e-01 -2.750739653824768038e-01 6.209799106635775084e-02 -1.069236084520684305e+00 -3.085688620702361495e-01 1.486433943344987740e-01
1.355707636434850150e+00 6.806698460760507441e-01 -2.846759780317069666e-01 6.758198618954346093e-02 -1.122440463799251331e+00 -2.086471199301817847e-01 1.426851925341779126e-01
1.388494626200855064e+00 6.396707681422044711e-01 -2.900377461442966709e-01 7.243346854214767483e-02 -1.171182532948845223e+00 -1.087597746504296026e-01 1.359122241980899037e-01
1.418494540017038563e+00 6.005474284194356471e-01 -2.917363577116330875e-01 7.664906844494397131e-02 -1.215917548507932766e+00 -1.000594192137380968e-02 1.283058390357988965e-01
1.445883416517175446e+00 5.634702357395556804e-01 -2.903830229159754528e-01 8.026647963392470608e-02 -1.257432075944615146e+00 8.725686366278305461e-02 1.198198741343064894e-01
1.470869677766229344e+00 5.284857381115062314e-01 -2.865300177480458177e-01 8.332942745156682318e-02 -1.296507003111895262e+00 1.828838801093313482e-01 1.104012478130458469e-01
1.493655088692877220e+00 4.955796577991623542e-01 -2.806609914564847097e-01 8.588119474370523032e-02 -1.333855805152331042e+00 2.768248161743233626e-01 9.999333978883404028e-02
1.514427731453185100e+00 4.647003110303721818e-01 -2.731943734126642820e-01 8.796328598146559152e-02 -1.370115299305059375e+00 3.690875083831035020e-01 8.853600546310357033e-02
1.533361196562643025e+00 4.357717476264089673e-01 -2.644891353227984410e-01 8.961508716904713345e-02 -1.405847973755757874e+00 4.597198603107124359e-01 7.596506722520483812e-02
1.550615105961608009e+00 4.087027777549709917e-01 -2.548509871686166495e-01 9.087376249772527448e-02 -1.441547498617933742e+00 5.487974984011799728e-01 6.221180824400868864e-02
1.566335893103613541e+00 3.833936355284773279e-01 -2.445385198189008180e-01 9.177423008322951881e-02 -1.477645074661297908e+00 6.364140297840479299e-01 4.720259401666652976e-02
1.580657771808509304e+00 3.597406858029809640e-01 -2.337689606660098285e-01 9.234918990259405325e-02 -1.514516176033214423e+00 7.226739763259956151e-01 3.085846633174837289e-02
1.593703759621828864e+00 3.376396672370398089e-01 -2.227233985150170736e-01 9.262917379413194985e-02 -1.552487351792980919e+00 8.076879100935936417e-01 1.309462133781235001e-02
1.605586437495375218e+00 3.169882782159040291e-01 -2.115516743670149136e-01 9.264260111631919536e-02 -1.591842113979420326e+00 8.915676158242876737e-01 -6.179891395497228573e-03
1.616408808202261183e+00 2.976877458258871401e-01 -2.003766730162729326e-01 9.241585456237408347e-02 -1.632826694896709174e+00 9.744231249130111960e-01 -2.706263592259991121e-02
1.626264999960896684e+00 2.796439878898861475e-01 -1.892982257123121959e-01 9.197336499805065790e-02 -1.675654920196895104e+00 1.056359809109956638e+00 -4.965810387557399730e-02
1.635241027658137725e+00 2.627681481111399098e-01 -1.783964498667306720e-01 9.133770211077960055e-02 -1.720512904924723419e+00 1.137476857107617478e+00 -7.407823202769014959e-02
1.643415426318526551e+00 2.469769496196236314e-01 -1.677347441689122365e-01 9.052967015446171384e-02 -1.767562925292986309e+00 1.217865609901366053e+00 -1.004427959398804249e-01
1.650859882591207528e+00 2.321927359780610323e-01 -1.573623493394877282e-01 8.956840383100916902e-02 -1.816946975110812934e+00 1.297608590123237704e+00 -1.288799297456057757e-01
1.657639810276876791e+00 2.183433685487749243e-01 -1.473165715472271875e-01 8.847146341494246946e-02 -1.868789847073425214e+00 1.376778710451682208e+00 -1.595266796719497782e-01
1.663814853802281668e+00 2.053620758814953262e-01 -1.376247436770178523e-01 8.725493376131905621e-02 -1.923201555012470809e+00 1.455438282460635557e+00 -1.925294574721178598e-01
1.669439396740137971e+00 1.931871431348892998e-01 -1.283058516551818240e-01 8.593351486858039068e-02 -1.980279677520287551e+00 1.533638610890728504e+00 -2.280447144176006857e-01
1.674008661318047375e+00 1.830146254878992351e-01 -1.203602098911496499e-01 8.468417415156427597e-02 -2.033221778483442321e+00 1.602665563604512844e+00 -2.617915184551019014e-01
1.678095944624880431e+00 1.736718578319084716e-01 -1.129436789423040599e-01 8.341104893788035823e-02 -2.086722754870796059e+00 1.669354893978075793e+00 -2.966745395497510929e-01
1.681714085053424679e+00 1.651855883340356268e-01 -1.061157558436342102e-01 8.214276972439830959e-02 -2.139950516023283011e+00 1.732942896629514840e+00 -3.321550475734544317e-01
1.684840402309096596e+00 1.576701577122458786e-01 -1.000024261774059564e-01 8.092460237101298248e-02 -2.191266750273466624e+00 1.791877124243630881e+00 -3.670944335942037950e-01
1.687253866300019611e+00 1.517401282294272569e-01 -9.513846878124171402e-02 7.989659157420916924e-02 -2.234859421542125357e+00 1.840260428741440357e+00 -3.973423488053020036e-01
1.689679202064347852e+00 1.456572679855181462e-01 -9.011573366025273091e-02 7.877739648486398183e-02 -2.282730451330354793e+00 1.891743370187277673e+00 -4.311622181031147805e-01
1.692200302670037182e+00 1.391901089034416616e-01 -8.474254798988771487e-02 7.751166145708671129e-02 -2.337506367167369259e+00 1.948682927334735915e+00 -4.706400623939336336e-01
1.694874273211021132e+00 1.321530972506764767e-01 -7.886255353480030317e-02 7.604017280035688109e-02 -2.402189512960883899e+00 2.013415789392075439e+00 -5.183393901855877228e-01
1.697544835585172773e+00 1.249208241170609163e-01 -7.279008486231516861e-02 7.441857795940441667e-02 -2.474904263120711878e+00 2.083200629591590136e+00 -5.733756092525137404e-01
1.700146170962798742e+00 1.176544408841225242e-01 -6.666719011209432111e-02 7.266949025217478431e-02 -2.555228521246655227e+00 2.156909371218117766e+00 -6.359365798481695364e-01
1.702552285445742442e+00 1.107124079485039270e-01 -6.080570503383916220e-02 7.087749963781952989e-02 -2.639768965851292837e+00 2.230955414006588811e+00 -7.038175464574587537e-01
1.704749594248721634e+00 1.041618595355957161e-01 -5.527238870517681840e-02 6.906946387332066339e-02 -2.727567791284987386e+00 2.304302117270882189e+00 -7.765693370852018163e-01
1.706755781246991122e+00 9.798125102488719484e-02 -5.005730740445996779e-02 6.725086518523107348e-02 -2.818596970323260731e+00 2.376777888187723953e+00 -8.544773338213326186e-01
1.708586307251980019e+00 9.215301497455409552e-02 -4.515208503885947966e-02 6.542761261156837538e-02 -2.912762673564559979e+00 2.448150516400220411e+00 -9.377915311839465362e-01
1.710254412954606451e+00 8.666423327423933287e-02 -4.055067769439901770e-02 6.360658741155793272e-02 -3.009867279895291681e+00 2.518109187819673522e+00 -1.026683894392661944e+00
1.711775747275517068e+00 8.149141036935586557e-02 -3.623683253542245991e-02 6.179055050156254114e-02 -3.109880303520266231e+00 2.586459884164860057e+00 -1.121494943390752619e+00
1.713164509476516217e+00 7.661246728762989566e-02 -3.219447579104693646e-02 5.998162746246665095e-02 -3.212768755514582075e+00 2.652984039298256214e+00 -1.222594958609490412e+00
1.714433464091661197e+00 7.200705050142548747e-02 -2.840818445643351550e-02 5.818150312037188160e-02 -3.318487611001481152e+00 2.717429383258808340e+00 -1.330379134881655379e+00
1.715594095908250960e+00 6.765636125333884809e-02 -2.486321748705602047e-02 5.639145760745926245e-02 -3.426977637620034489e+00 2.779506230751835893e+00 -1.445269690177378497e+00
1.716656751587573693e+00 6.354298741117900273e-02 -2.154551990818405136e-02 5.461238923906450160e-02 -3.538163236147242596e+00 2.838883330984514064e+00 -1.567718748099909520e+00
1.717630755508055440e+00 5.965079080408362128e-02 -1.844174815612132159e-02 5.284484779416974420e-02 -3.651948770118768284e+00 2.895182336145186941e+00 -1.698210511712097803e+00
1.718524540174224624e+00 5.596469585777062716e-02 -1.553919790205076507e-02 5.108901018928797139e-02 -3.768217622610765982e+00 2.947972871879073420e+00 -1.837267791942191364e+00
1.719345715879452285e+00 5.247068466075487103e-02 -1.282588176725618992e-02 4.934473742729010570e-02 -3.886824893734983188e+00 2.996763491875300112e+00 -1.985452821616129127e+00
1.720101180249088646e+00 4.915559969629918619e-02 -1.029044267026767677e-02 4.761153145824839616e-02 -4.007595205418183149e+00 3.040993876650024852e+00 -2.143376000835684803e+00
1.720797194828518561e+00 4.600704649292802068e-02 -7.922140078355857651e-03 4.588852244001368624e-02 -4.130316963435019417e+00 3.080023436258013447e+00 -2.311703509641522825e+00
1.721439453909634931e+00 4.301330321035170406e-02 -5.710836571964464023e-03 4.417444669601029023e-02 -4.254735007199620611e+00 3.113116903619440823e+00 -2.491166684423667732e+00
1.722031216608901572e+00 4.017263781112052901e-02 -3.653723099523863756e-03 4.247337223263911166e-02 -4.380113897324756422e+00 3.139349502658756563e+00 -2.681905580965677771e+00
1.722574350672136712e+00 3.748963246766819080e-02 -1.752043503820660542e-03 4.079366165276165912e-02 -4.505280970625125114e+00 3.157730518800007768e+00 -2.883374395339577845e+00
1.723084813177035546e+00 3.489629125130735282e-02 4.338531313481686237e-05 3.909612091559748481e-02 -4.632513448779844722e+00 3.167498209292341382e+00 -3.100993418899622434e+00
1.723560771394859525e+00 3.241072734652272747e-02 1.720059789318164126e-03 3.739410334769944361e-02 -4.760017924911517539e+00 3.167016898177257289e+00 -3.334054121283917205e+00
1.724003172250846427e+00 3.003786049630166946e-02 3.275517279263985559e-03 3.569369227607523121e-02 -4.886339443155723217e+00 3.154703850957712330e+00 -3.582416820746226360e+00
1.724413308350595031e+00 2.778096053365450638e-02 4.708995050080658044e-03 3.400063357359529859e-02 -5.009853115110747268e+00 3.128975686074096263e+00 -3.845656978564515160e+00
1.724793892485440461e+00 2.563517878568205566e-02 6.025230863419538466e-03 3.231497021426557592e-02 -5.129153271700873873e+00 3.088141885674942966e+00 -4.123929522259067504e+00
1.725147365213702155e+00 2.359639230874471111e-02 7.228457172151738809e-03 3.063705574506122783e-02 -5.242589551873009235e+00 3.030416913700654469e+00 -4.417105775529202027e+00
1.725475862417424899e+00 2.166152240134134113e-02 8.322278941905956670e-03 2.896794408750959227e-02 -5.348240091885268832e+00 2.953985379596505645e+00 -4.724626554144231605e+00
1.725744670989999952e+00 2.004972757123967345e-02 9.193335927447476852e-03 2.751398659620183859e-02 -5.432711005690400441e+00 2.870247102026012076e+00 -5.005043598822495277e+00
1.726014150843058648e+00 1.840913158006005079e-02 1.003794322931133610e-02 2.596793175699385614e-02 -5.512885568400962555e+00 2.761940606672065091e+00 -5.315338154325166542e+00
1.726260677157082313e+00 1.688812275895202469e-02 1.077856710675896210e-02 2.446817750574844033e-02 -5.579134600491117091e+00 2.636262454992697624e+00 -5.627263298677846137e+00
1.726487257075707271e+00 1.547528173176363972e-02 1.142543268210060962e-02 2.301106388094665417e-02 -5.630554102883479572e+00 2.493218314429337834e+00 -5.939296226798612466e+00
1.726640010055712882e+00 1.451613932860333286e-02 1.183949773760335951e-02 2.198293808305226693e-02 -5.657998621362623659e+00 2.379139855625992173e+00 -6.163886265128912356e+00
1.726792269904099619e+00 1.355606350296724091e-02 1.223158887709770506e-02 2.091917216974248026e-02 -5.677762121232576398e+00 2.249150876895646967e+00 -6.399256312137334035e+00
1.726979512538606043e+00 1.237204119056976685e-02 1.268117051027879520e-02 1.955481928021226765e-02 -5.688870176379557719e+00 2.064019168394069847e+00 -6.704112562319820334e+00
1.727160256980838415e+00 1.122861127552676926e-02 1.307559596481592916e-02 1.817601819567044724e-02 -5.682087520010448145e+00 1.855329534392503588e+00 -7.013431765555067088e+00
1.727332287776904618e+00 1.014344444836848963e-02 1.340909743382805511e-02 1.680472624563018533e-02 -5.655543691070804790e+00 1.625900902528187197e+00 -7.319612080322160708e+00
1.727496965832072240e+00 9.111429940071373926e-03 1.368437595812472228e-02 1.543635221048832856e-02 -5.607651008323891517e+00 1.375231764204641882e+00 -7.620666711619185740e+00
1.727654871421420824e+00 8.132222084774279325e-03 1.390250241208179117e-02 1.407205570066384116e-02 -5.537087753636990684e+00 1.104134618351256147e+00 -7.913054700063204550e+00
1.727808499450737667e+00 7.193694854100174743e-03 1.406642186987821543e-02 1.269542357040547714e-02 -5.441517322600377682e+00 8.100719272615444222e-01 -8.196593536522900791e+00
1.727957985740396385e+00 6.298516636387756391e-03 1.417523405662433206e-02 1.130980736118360024e-02 -5.319658312953093215e+00 4.947450404793914958e-01 -8.466442831918755019e+00
1.728104116007206370e+00 5.445463601347430398e-03 1.422867278028961020e-02 9.912775290464147931e-03 -5.170213004211867691e+00 1.592390532843964979e-01 -8.718680425642656218e+00
1.728247517804489153e+00 4.634428374590538607e-03 1.422609801965108757e-02 8.503257139958054003e-03 -4.992400106391182035e+00 -1.944522497198145350e-01 -8.948895615829130179e+00
1.728388126078736153e+00 3.869161077090691337e-03 1.416712208616018737e-02 7.087249612226963029e-03 -4.787066016432460991e+00 -5.618186359932324514e-01 -9.151674482389886123e+00
1.728526191933852374e+00 3.151283595879793807e-03 1.405202135359244833e-02 5.668068337931480606e-03 -4.555720212251653578e+00 -9.382807674050933633e-01 -9.322661227278368656e+00
1.728588564468217736e+00 2.839084946677026232e-03 1.398086600764322437e-02 5.018830369668296140e-03 -4.441869784523521325e+00 -1.112114801438928602e+00 -9.389262961283275644e+00
1.728653668810711697e+00 2.521850020954324607e-03 1.389366391137867272e-02 4.336500001505366221e-03 -4.317129115691463959e+00 -1.295253654961582734e+00 -9.450996747671174703e+00
1.728716993534865187e+00 2.222151017983109260e-03 1.379607926618787138e-02 3.668814913194012439e-03 -4.190274544239744436e+00 -1.474416676988768549e+00 -9.502907980337662153e+00
1.728767288036295868e+00 1.990601570088195663e-03 1.370957053034704831e-02 3.136096013323602313e-03 -4.085768650243073452e+00 -1.616974345138591174e+00 -9.537918116008087921e+00
1.728807172080260246e+00 1.811195889850118106e-03 1.363530010843522385e-02 2.712359438445444571e-03 -4.000401561257778127e+00 -1.729837384544591572e+00 -9.560955698773902611e+00
1.728847831163961901e+00 1.632263537579118490e-03 1.355444462898459414e-02 2.279466237859900136e-03 -3.910510055584474287e+00 -1.844199343914652234e+00 -9.578165835130004524e+00
1.728870442569005350e+00 1.534539458282954683e-03 1.350724931763977454e-02 2.038446730389087500e-03 -3.858882230087172793e+00 -1.907201844481668962e+00 -9.583793289702892793e+00
1.728893312321740705e+00 1.437037040890760129e-03 1.345791015470951778e-02 1.794572953672950860e-03 -3.805291471734705944e+00 -1.970310757357647491e+00 -9.585981969007253412e+00
1.728915790585687340e+00 1.342548713872353423e-03 1.340785904944077553e-02 1.554862624417325959e-03 -3.751340643020628640e+00 -2.031690822971217614e+00 -9.584751381203988174e+00
1.728940898202165677e+00 1.238618801855966315e-03 1.335014764036702647e-02 1.287192538641298168e-03 -3.689978220544923193e+00 -2.099603691192091226e+00 -9.580343241152343481e+00
1.728942452696260013e+00 1.232240647920471947e-03 1.334651227312807879e-02 1.270624661009141015e-03 -3.686155251845607328e+00 -2.103791778701895598e+00 -9.580001591916976977e+00
